       N	             F1	      F2	      F3	      F4	      F5	
      32	       32000000	  102400	     256	       5	     150	
      64	       64000000	  409600	    1024	       6	     651	
     128	      128000000	 1638400	    4096	       7	    2646	
     256	      256000000	 6553600	   16384	       8	   10795	
     512	      512000000	26214400	   65536	       9	   43350	
Exercise 2-1 Fragment Evaluation
LOG_LOG_MODEL = [1.46609868]*log(log(N))
       N	      F4	   Model	
      32	       4	   3.404	
      64	       4	   3.790	
     128	       4	   4.116	
     256	       5	   4.398	
     512	       5	   4.647	
   1,024	       5	   4.870	
   2,048	       5	   5.072	
   4,096	       5	   5.256	
   8,192	       5	   5.425	
  16,384	       5	   5.582	
  32,768	       5	   5.728	
  65,536	       6	   5.864	
 131,072	       6	   5.993	
 262,144	       6	   6.114	
 524,288	       6	   6.228	
Exercise 2-2 Second Fragment Evaluation

Factorial N  = 0.000001167191*N! 
Estimated time to sort 20 values is 90,045.03 years
       N	PermutationSort	   Model	
       0	  0.0000	  0.0000	
       1	  0.0000	  0.0000	
       2	  0.0000	  0.0000	
       3	  0.0000	  0.0000	
       4	  0.0000	  0.0000	
       5	  0.0001	  0.0001	
       6	  0.0009	  0.0008	
       7	  0.0018	  0.0059	
       8	  0.0151	  0.0471	
       9	  0.1604	  0.4236	
      10	  1.9317	  4.2355	
      11	 25.8374	 46.5905	
Exercise 2-3 Permutation Sort Exercise

Log N   = 0.018320025840*log2(N)
              N	      T(N)	     Model	
             32	     0.099	     0.092	
             64	     0.061	     0.110	
            128	     0.083	     0.128	
            256	     0.160	     0.147	
            512	     0.132	     0.165	
          1,024	     0.151	     0.183	
          2,048	     0.262	     0.202	
          4,096	     0.246	     0.220	
          8,192	     0.201	     0.238	
         16,384	     0.255	     0.256	
         32,768	     0.254	     0.275	
         65,536	     0.158	     0.293	
        131,072	     0.230	     0.311	
        262,144	     0.235	     0.330	
        524,288	     0.319	     0.348	
      1,048,576	     0.376	     0.366	
      2,097,152	     0.405	     0.385	
Exercise 2-4 Binary Array Search Evidence

Quadratic N  = 0.000000387144*N*N + -0.000060310238*N
       N	 MaxSort	   Model	
      32	  0.0005	 -0.0015	
      64	  0.0016	 -0.0023	
     128	  0.0068	 -0.0014	
     256	  0.0183	  0.0099	
     512	  0.0849	  0.0706	
   1,024	  0.4321	  0.3442	
   2,048	  1.4109	  1.5003	
   4,096	  5.5095	  6.2482	
   8,192	 22.9003	 25.4868	
Exercise 2-5 Max sort

Exercise 2-6 Galactic algorithms

Exercise 2-7 Performance Measurements

