find count() in ch05.recursion
Exercise 5-1 Recursive count method

find num_swaps() in ch05.challenge
Exercise 5-2 Compute number of swaps in array with 0 .. N-1

how many comparisons to find max in array of size N=15: 14 or N-1

       N	   merge	mergeSlice	
     256	   2.942	   2.906	
     512	   7.591	   8.552	
   1,024	  16.412	  15.858	
   2,048	  34.841	  34.081	
   4,096	  75.366	  69.208	
   8,192	 163.156	 146.036	
  16,384	 476.310	 418.268	
Merge Sort with Python slice improves performance of MergeSort.

         N	     double_two	    mutable_two	largest_two	sorting_two	 tournament_two	  recursive_two	
     1,024	           0.00	           0.00	      0.01	      0.00	           0.03	           0.04	
     2,048	           0.01	           0.01	      0.02	      0.00	           0.07	           0.09	
     4,096	           0.03	           0.02	      0.05	      0.00	           0.10	           0.12	
     8,192	           0.06	           0.06	      0.09	      0.01	           0.27	           0.38	
    16,384	           0.06	           0.13	      0.21	      0.01	           0.65	           0.57	
    32,768	           0.22	           0.17	      0.32	      0.06	           1.33	           1.23	
    65,536	           0.22	           0.42	      0.69	      0.07	           3.15	           2.81	
   131,072	           0.78	           0.93	      1.36	      0.27	           5.02	           5.67	
   262,144	           1.34	           1.83	      2.51	      0.56	          10.43	          10.72	
   524,288	           2.75	           3.69	      5.20	      1.15	          21.04	          23.69	
 1,048,576	           6.11	           7.48	     10.37	      2.07	          41.53	          47.06	
 2,097,152	          11.68	          15.59	     21.03	      4.51
find recursive_two() in ch05.challenge.

       N	       FiRec	       Model	
       3	           1	       4.889	
       4	           9	      10.270	
       5	          17	      18.265	
       6	          25	      29.237	
       7	          41	      43.518	
       8	          57	      61.420	
       9	          81	      83.234	
      10	         105	     109.237	
      11	         137	     139.693	
      12	         169	     174.856	
      13	         209	     214.970	
      14	         249	     260.270	
      15	         305	     310.985	
      16	         361	     367.335	
      17	         425	     429.536	
      18	         489	     497.796	
      19	         569	     572.322	
      20	         649	     653.312	
      21	         737	     740.961	
      22	         825	     835.462	
      23	         929	     937.001	
      24	        1033	    1045.762	
      25	        1145	    1161.927	
      26	        1257	    1285.672	
      27	        1393	    1417.172	
      28	        1529	    1556.599	
      29	        1681	    1704.122	
      30	        1833	    1859.908	
      31	        2009	    2024.120	
      32	        2185	    2196.920	
      33	        2369	    2378.469	
      34	        2553	    2568.924	
      35	        2761	    2768.440	
      36	        2969	    2977.172	
      37	        3193	    3195.271	
      38	        3417	    3422.887	
      39	        3665	    3660.168	
      40	        3913	    3907.263	
      41	        4169	    4164.315	
      42	        4425	    4431.469	
      43	        4705	    4708.866	
      44	        4985	    4996.648	
      45	        5281	    5294.955	
      46	        5577	    5603.923	
      47	        5897	    5923.691	
      48	        6217	    6254.393	
      49	        6545	    6596.165	
      50	        6873	    6949.139	
      51	        7233	    7313.447	
      52	        7593	    7689.221	
      53	        7977	    8076.591	
      54	        8361	    8475.685	
      55	        8785	    8886.631	
      56	        9209	    9309.556	
      57	        9649	    9744.586	
      58	       10089	   10191.847	
      59	       10569	   10651.461	
      60	       11049	   11123.553	
      61	       11553	   11608.244	
      62	       12057	   12105.656	
      63	       12593	   12615.910	
      64	       13129	   13139.125	
      65	       13673	   13675.421	
      66	       14217	   14224.915	
      67	       14793	   14787.725	
      68	       15369	   15363.968	
      69	       15969	   15953.760	
      70	       16569	   16557.216	
      71	       17209	   17174.450	
      72	       17849	   17805.577	
      73	       18505	   18450.710	
      74	       19161	   19109.961	
      75	       19857	   19783.442	
      76	       20553	   20471.265	
      77	       21273	   21173.540	
      78	       21993	   21890.377	
      79	       22745	   22621.885	
      80	       23497	   23368.174	
      81	       24257	   24129.352	
      82	       25017	   24905.527	
      83	       25809	   25696.805	
      84	       26601	   26503.294	
      85	       27417	   27325.099	
      86	       28233	   28162.325	
      87	       29089	   29015.079	
      88	       29945	   29883.464	
      89	       30817	   30767.585	
      90	       31689	   31667.545	
      91	       32601	   32583.447	
      92	       33513	   33515.393	
      93	       34449	   34463.487	
      94	       35385	   35427.828	
      95	       36353	   36408.519	
      96	       37321	   37405.660	
      97	       38297	   38419.352	
      98	       39273	   39449.694	
      99	       40289	   40496.786	
A*N^B  = 0.287113430202*N^2.580315 
find recursive_two() in ch05.challenge.

Attempting to rediscover heap. This might take unusually long time
[5, 9, 6, 14, 10, 13, 12, 11, 15, 1, 12, 8, 14, 9, 7, 4, 8, 2] found in 3234220 attempts.
