find count() in ch05.challenge
Exercise 6-1 Recursive count method

A binary tree that only has right children.
Exercise 6-2 What binary tree has O(N) to find two largest?

RankBinaryTree in ch06.challenge
Exercise 6-3 select() and rank() methods

7 80.0
15 21964800.0
31 7.483682586183598e+22
1 1
2 2.0
3 80.0
4 21964800.0
5 7.483682586183598e+22
6 2.6066549988998674e+63
7 4.100526897358081e+163
Exercise 6-4 select() and rank() methods

RankBinaryTree in ch06.challenge
Exercise 6-5 recursive contains() method

       N	WorstHeight	NumberFound	
       1	       0	  10,000	
       2	       1	  10,000	
       4	       2	  10,000	
       7	       3	   5,681	
      12	       4	   1,904	
      20	       5	     214	
      33	       6	       5	
Exercise 6-6 AVL tree heights change in specific pattern

To insert `5`, create a new subtree with root of `5`.
To insert `3`, `3` is smaller than or equal to `5`, so insert `3` into the left subtree of `5`, but there is no left subtree, so create a new subtree with root of `3`.
To insert `1`, `1` is smaller than or equal to `5`, so insert `1` into the left subtree of `5` rooted at `3`. Now `1` is smaller than or equal to `3`, so insert `1` into the left subtree of `3`, but there is no left subtree, so create a new subtree with root of `1`.
Exercise 6-7 Speaking binary tree after inserting three values

Review ch06.avl
Exercise 6-8 check_avl_property

(19,(14,(3,,),(15,,)),(53,(26,,),(58,,)))
(19,(14,(3,,),(15,,)),(53,(26,,),(58,,)))
another one (19,(14,(3,,),(15,,)),(53,(26,,(29,,)),(58,,)))
Exercise 6-9 tree_structure

NumRot	Height	     N	Random Tree	
     1	     2	     4	(3,(3,(3,,),),(4,,))	
     2	     4	    12	(7,(6,(3,(2,(2,,),),(4,,)),(6,,(7,,))),(11,(9,(8,,),),(12,,)))	
     3	     6	    34	(25,(14,(11,(4,(1,(0,,),(4,(4,,),)),(4,,(8,,))),(14,(13,(12,,),),(14,,))),(23,(19,(15,,(16,,)),(20,,(23,,))),(23,,(24,,)))),(29,(27,(25,,),(28,(28,,),)),(34,(31,(31,(30,,),),(32,,)),(34,,(34,,)))))	

NumRot	Height	     N	Fib AVL Trees	
     2	     4	    12	(8,(5,(3,(2,(1,,),),(4,,)),(7,(6,,),)),(11,(10,(9,,),),(12,,)))	
     3	     6	    33	(21,(13,(8,(5,(3,(2,(1,,),),(4,,)),(7,(6,,),)),(11,(10,(9,,),),(12,,))),(18,(16,(15,(14,,),),(17,,)),(20,(19,,),))),(29,(26,(24,(23,(22,,),),(25,,)),(28,(27,,),)),(32,(31,(30,,),),(33,,))))	
     4	     8	    88	(55,(34,(21,(13,(8,(5,(3,(2,(1,,),),(4,,)),(7,(6,,),)),(11,(10,(9,,),),(12,,))),(18,(16,(15,(14,,),),(17,,)),(20,(19,,),))),(29,(26,(24,(23,(22,,),),(25,,)),(28,(27,,),)),(32,(31,(30,,),),(33,,)))),(47,(42,(39,(37,(36,(35,,),),(38,,)),(41,(40,,),)),(45,(44,(43,,),),(46,,))),(52,(50,(49,(48,,),),(51,,)),(54,(53,,),)))),(76,(68,(63,(60,(58,(57,(56,,),),(59,,)),(62,(61,,),)),(66,(65,(64,,),),(67,,))),(73,(71,(70,(69,,),),(72,,)),(75,(74,,),))),(84,(81,(79,(78,(77,,),),(80,,)),(83,(82,,),)),(87,(86,(85,,),),(88,,)))))	
     5	    10	   232	(144,(89,(55,(34,(21,(13,(8,(5,(3,(2,(1,,),),(4,,)),(7,(6,,),)),(11,(10,(9,,),),(12,,))),(18,(16,(15,(14,,),),(17,,)),(20,(19,,),))),(29,(26,(24,(23,(22,,),),(25,,)),(28,(27,,),)),(32,(31,(30,,),),(33,,)))),(47,(42,(39,(37,(36,(35,,),),(38,,)),(41,(40,,),)),(45,(44,(43,,),),(46,,))),(52,(50,(49,(48,,),),(51,,)),(54,(53,,),)))),(76,(68,(63,(60,(58,(57,(56,,),),(59,,)),(62,(61,,),)),(66,(65,(64,,),),(67,,))),(73,(71,(70,(69,,),),(72,,)),(75,(74,,),))),(84,(81,(79,(78,(77,,),),(80,,)),(83,(82,,),)),(87,(86,(85,,),),(88,,))))),(123,(110,(102,(97,(94,(92,(91,(90,,),),(93,,)),(96,(95,,),)),(100,(99,(98,,),),(101,,))),(107,(105,(104,(103,,),),(106,,)),(109,(108,,),))),(118,(115,(113,(112,(111,,),),(114,,)),(117,(116,,),)),(121,(120,(119,,),),(122,,)))),(136,(131,(128,(126,(125,(124,,),),(127,,)),(130,(129,,),)),(134,(133,(132,,),),(135,,))),(141,(139,(138,(137,,),),(140,,)),(143,(142,,),))))),(199,(178,(165,(157,(152,(149,(147,(146,(145,,),),(148,,)),(151,(150,,),)),(155,(154,(153,,),),(156,,))),(162,(160,(159,(158,,),),(161,,)),(164,(163,,),))),(173,(170,(168,(167,(166,,),),(169,,)),(172,(171,,),)),(176,(175,(174,,),),(177,,)))),(191,(186,(183,(181,(180,(179,,),),(182,,)),(185,(184,,),)),(189,(188,(187,,),),(190,,))),(196,(194,(193,(192,,),),(195,,)),(198,(197,,),)))),(220,(212,(207,(204,(202,(201,(200,,),),(203,,)),(206,(205,,),)),(210,(209,(208,,),),(211,,))),(217,(215,(214,(213,,),),(216,,)),(219,(218,,),))),(228,(225,(223,(222,(221,,),),(224,,)),(227,(226,,),)),(231,(230,(229,,),),(232,,))))))	
Experiment with different values of these parameters to explore larger deltas
Exercise 6-10 counting rotations upon delete.

(8,(5,(3,(2,(1,,),),(4,,)),(7,(6,,),)),(11,(10,(9,,),),(12,,)))
Exercise 6-11 Fibonacci trees

